Sampling /sys/class/powercap/intel-rapl/intel-rapl:0/energy_uj
Cadence = 0.1 seconds
197083249310
197086344883
197089533413
197092620807
197095522106
197098449772
197101382809
197104372852
197107774699
197110779696
197115363547
197121323371
197127204398
197133147315
197138788475
197144718269
197150533501
197156546547
197161726038
197166734936
197171841674
197176902025
197181940037
197186985007
197192031441
197197129207
197202185957
197207059052
197211997638
197216950567
197221942864
197226812725
197231777617
197236800492
197241683658
197246665457
197251631387
197257011439
197262563365
197267969480
197273518782
197278886383
197283421771
197288487371
197293574211
197298203350
197302755523
197307338458
197311877509
197316449946
197320994063
197325535677
197330112631
197334494028
197338876219
197343233569
197347655738
197352257411
197356889723
197361482607
197366001089
197370586709
197374687163
197378648884
197382585519
197386559935
197390575550
197394579202
197398936185
197403327165
197407756841
197412155817
197416695600
197421415864
197425838521
197430254587
197434651426
197439141038
197443749608
197448371972
197452964672
197457787597
197462328784
197466905433
197471463954
197475911757
197480841676
197485422963
197490026345
197494605252
197499214249
197503630436
197508013177
197512017439
197515985446
197519919335
197523877577
197527836490
197531775933
197535439071
197539228123
197543242762
197547592970
197551936465
197556323295
197560662029
197565045806
197569420673
197573776253
197578731196
197583090987
197586780309
197590716212
197594794937
197598922978
197602967584
197606929671
197610892918
197614825342
197620332286
197624882628
197629450305
197633612709
197637614224
197641573992
197645499702
197649465634
197653145312
197657172402
197661489163
197666059525
197670604435
197675178764
197679751934
197684577971
197689142107
197693677618
197698254206
197702793928
197707366182
197712014791
197716475533
197721393612
197725977767
197730599216
197735158347
197738816297
197742657778
197746468071
197750310286
197754133335
197757976587
197761824783
197765664983
197769863397
197774119368
197780442106
197787147716
197792166868
197796425951
197800716102
197804955043
197809245438
197813529423
197818004143
197822439618
197826982087
197831468037
197836860906
197841378412
197845826154
197850218477
197854429038
197858667003
197862931640
197867142628
197871435586
197876013211
197881044692
197884920842
197888363399
197891811571
197895815284
197899860623
197903803240
197908159064
197912499324
197916483872
197920419652
197925103356
197929514356
197933724184
197938166677
197942107829
197946457977
197951064166
197955622687
197960155085
197964914229
197970295196
197975024432
197979823675
197984169489
197988426558
197992717746
197997116111
198001281079
198005576417
198009811880
198014098429
198018360076
198022582965
198029339296
198034411609
198039031165
198043387966
198047823013
198052170841
198056808463
198061209331
198065711517
198070138019
198074507332
198078763180
198083230637
198087558263
198092254723
198096746350
198101350464
198105976856
198109902993
198113939970
198117975665
198122027230
198126277402
198130546495
198134775305
198139039088
198143277969
198147562198
198151771050
198156095258
198163174463
198170380621
198177271107
198184001131
198190496232
198197236205
198204469890
198211660545
198217628425
198224441823
198231610628
198239287916
198247423393
198254988620
198263262708
198272860218
198281319669
198289539740
198297878708
198305242886
198312337106
198318194940
198324032450
198329811549
198335567699
198341188046
198346038741
198351550080
198357146623
198363070619
198368853380
198374624850
198382727490
198391358022
198400542081
198410014346
198417088303
198423092987
198428995438
198434953797
198441120651
198447084076
198452993606
198458942871
198464829880
198470847137
198476561356
198482228639
198487910998
198493522433
198499304096
198504894902
198510586965
198516328100
198522040732
198527674262
198533356011
198539104592
198545839682
198552306707
198557975454
198563744605
198569500816
198575185860
198580933709
198586622354
198592328150
198597961558
198603407284
198609094830
198615830775
198623073066
198630786120
198638515104
198645871409
198652867912
198660328098
198666207721
198671581670
198676821769
198682212319
198687653101
198692929516
198698056517
198703403366
198708762300
198714052020
198719489567
198724686698
198730068031
198735973351
198743363591
198752372906
198760227744
198766786443
198772994557
198779133885
198785190937
198791312259
198797538379
198803666293
198809835772
198816030763
198822149888
198828328522
198835600659
198843712821
198851890962
198860279490
198867652457
198873821142
198879873678
198885819891
198891849050
198897833715
198903728048
198909666143
198915682363
198921694250
198927842244
198934005620
198940114979
198946208225
198952375690
198958550601
198964601977
198970750399
198976906694
198983048951
198989092515
198995302887
199001425430
199007421020
199013267197
199018976166
199025268203
199033295283
199040887365
199048664567
199056191403
199063748757
199071750506
199078393800
199084032579
199089844637
199095691546
199102073610
199107966417
199113826082
199119545855
199125204776
199130366567
199133771344
199137315707
199142704304
199147888434
199152730035
199157954387
199163260709
199169519970
199176114619
199182539651
199188552270
199194306284
199200629022
199205843059
199214023946
199221395692
199229407085
199237669698
199242965400
199246731748
199253031658
199260460900
199269450989
199274769762
199279565709
199285967976
199292370120
199298909532
199305318146
199311586135
199317209229
199323047348
199328818147
199335034317
199340941346
199347022629
199352447786
199358276628
199363797793
199370104601
199376540864
199382813003
199388954223
199395775739
199401581327
199407285170
199413764890
199420143352
199426081936
199432164501
199438336787
199444002422
199449844570
199454620681
199461194395
199469025795
199475906210
199483887696
199492664285
199499892111
199505769110
199511917959
199518236058
199524743365
199530183537
199536241383
199542445651
199548860369
199555066225
199561232652
199567155488
199573717605
199580648862
199587916177
199594479210
199601421086
199607375478
199614426729
199621105789
199628066343
199635412210
199642522788
199649795596
199656670579
199663982083
199671275339
199678541617
199685711032
199692418290
199699458433
199705449446
199712471400
199719528206
199726012808
199732117712
199738374959
199744753178
199751052539
199756974521
199763638689
199770084656
199776187851
199782105072
199787913712
199793807069
199799536302
199805236605
199811002703
199816692386
199822523365
199828290745
199834023335
199839840825
199845895802
199852661959
199858963945
199867048885
199875193030
199882126667
199888941041
199895429123
199901910491
199908691906
199915716058
199922385475
199929180501
199935679813
199942723008
199951223292
199959113469
199965387196
199972213045
199979067336
199985269591
199990472031
199994335547
199999662315
200005914253
200012194998
200018834019
200025633501
200032640380
200039524213
200046616236
200053827155
200062347763
200070018459
200077709540
200085430467
200093224271
200100914131
200108627491
200116380278
200124136362
200131454459
200138948580
200146183669
200153175167
200160248330
200167709126
200174848085
200182341596
200190003991
200197011603
200204152026
200211852080
200219527536
200227296254
200234483675
200241551711
200249001399
200256176734
200264063067
200271745115
200279363626
200286986958
200294840454
200302751994
200310554464
200318469300
200326263774
200333934897
200340884892
200348172410
200355681485
200362641245
200370223623
200377646821
200384345046
200391505612
200398719521
200405443686
200414738645
200423322364
200431120928
200438631956
200446270486
200453757405
200461677246
200469172344
200476807700
200484504031
200492247236
200500061791
200507899235
200515729049
200523614099
200532926209
200542036110
200551665846
200561768542
200572456870
200583122858
200593247710
200602777349
200610837448
200618992639
200627194645
200635579999
200643829123
200652430664
200661767859
200670667434
200679905874
200691243187
200700650023
200710078221
200719084485
200728003835
200737026028
200746289554
200755028241
200763951130
200772874325
200781611486
200790348402
200798986746
200808222807
200817007025
200825898176
200834690207
200850157575
200861502089
200872403184
200881707604
200891025878
200900305579
200909194838
200917973685
200927472623
200936293035
200944921126
200953750937
200962605468
200971401832
200979952286
200988156428
200996803134
201004836866
201013213188
201021299654
201029529918
201037801565
201046628080
201055321661
201063613510
201071647913
201079947819
201089099712
201098459551
201107936883
201116425631
201125108287
201133721058
201142080289
201150662787
201159232894
201167795861
201176231935
201184616924
201193095540
201202534480
201211719515
201220893930
201229685351
201238583094
201247844667
201256698892
201265594194
201274500299
201283261263
201292031382
201301141039
201310413171
201319676697
201328796425
201337792801
201346827507
201355857452
201364639778
201375354472
201385515579
201394710441
201403897002
201412548286
201421455734
201430373802
201439250549
201447912575
201456618180
201465531793
201474573151
201485222721
201496595678
201507030527
201519220742
201531692207
201542427653
201553736035
201566416056
201578418162
201588485702
201597597495
201606335021
201615412268
201624581679
201633639456
201642379179
201651370245
201660369490
201669307821
201678045592
201686823646
201695317154
201704249382
201712391757
201721095714
201729750050
201737824553
201746141243
201754898606
201763641198
201772503236
201781393228
201790307817
201799111627
201807860811
201818516485
201831347568
201844083497
201856405304
201868565978
201880951506
201891183840
201902805515
201915449098
201927654694
201940255553
201950678256
201960116037
201969423203
201979240133
201989350154
201999289093
202008554634
202018060163
202027748615
202037351923
202047251495
202058486574
202069759189
202079135874
202088403245
202097595360
202106594910
202115901039
202125513441
202134898060
202144167629
202153734804
202163095681
202172363113
202181406974
202190734709
202200078435
202209636516
202218680194
202229802785
202241910115
202253769460
202265357565
202277163077
202288779136
202301224539
202310514737
202319689579
202328661724
202337605366
202346863704
202357782377
202370270443
202382750819
202395157343
202407443078
202419774101
202429949429
202439367190
202448475993
202458354996
202467497856
202476724456
202485650519
202496180216
202505880326
202515519950
202527234641
202540790698
202553456254
202566473799
202580135751
202592518898
202603198192
202614207563
202625610061
202636429125
202647501301
202658125603
